12342
98765
45678
13267
83618
54321
67890
11111
22222
10001
10002
10003
10004
10005
82330750
9148831
88808347
95460718
22475691
2044912
60434689
81253372
19454826
94142148
46213112
49660495
52345279
82973143
31289265
98336057
41608134
61689591
7142959
36380474
96776353
99848644
83031626
14270067
31504909
42681339
43696449
42192660
81131364
67777675
49293111
66011563
67515396
31973154
74019416
15299744
6701660
74696796
24728025
96714989
99662090
38323373
45170435
70158829
66634136
17967081
38194054
82272667
85090255
3597105
25126051
1144473
44974101
47615446
44592651
25238646
17600381
28302778
55542255
74362171
4403261
26923643
31029416
76572032
17575190
25506335
57710081
23605287
70358476
14920907
58962077
13061250
34160116
91133463
53830909
76620886
26985952
54473790
22728651
53775594
87648998
25036186
21581941
73100050
90976109
31293372
48505785
76677423
27061343
53679497
15328873
92907811
22305925
18503539
89174674
24687346
31646739
12482255
80624634
70364341
21538610
81536680
43021017
48714656
77623766
43404748
71210924
88312915
88731073
41395523
12125106
58709642
88987489
